8,2
0,0,0,1,2,0,0.25,0.25,0.5,0,0
1,0,3,2,3,0.75,0.5,1,0.75,0,0
1,1,3,2,1,0.75,0.5,1,0.75,0,0
2,0,3,2,2,0.75,0.5,1,0.75,0,0
2,1,3,2,0,0.75,0.5,1,0.75,0,0
3,0,3,2,3,0.75,0.5,1,0.75,0,0
3,1,3,2,1,0.75,0.5,1,0.75,0,0
4,1,1,0,0,0.25,0,0.5,0.25,0,0
5,1,1,0,2,0.25,0,0.5,0.25,0,0
6,0,3,3,2,0.75,0.75,1,1,0,0
6,1,2,2,0,0.5,0.5,0.75,0.75,0,0
7,0,0,1,0,0,0.25,0.25,0.5,0,0
BREAK
5
0,0,0
0,1,0
1,0,0
1,1,0
2,0,0
2,1,0
3,0,0
3,1,0
4,0,0
4,1,0
5,0,0
5,1,0
6,0,0
6,1,0
7,0,0
7,1,0
BREAK
Assets/Materials/environment/nomai/decals/Decal_NOM_Script_d.png, 4, 4
